00.778
01.978
03.178
04.378
05.578
06.778
07.978
09.253
10.078
10.228
10.378
10.678
11.578
11.878
12.778
13.078
14.878
15.778
16.978
18.178
18.778
19.678
19.978
20.128
20.278
21.178
21.478
22.378
22.678
24.478
25.378
27.778
28.378
29.353
30.478
31.978
32.428
34.528
35.128
35.728
36.778
37.228
39.628
40.528
40.978
42.928
43.378
44.878
45.628
46.828
47.578
48.178
48.328
48.478
48.628
48.778
49.078
49.378
49.678
49.978
50.278
50.578
50.878
51.178
51.478
51.778
52.078
52.378
52.678
52.978
53.278
54.478
55.678
55.978
56.878
58.078
58.378
58.678
58.978
59.278
59.578
59.878
60.178
60.478
61.228
63.478
64.078
64.678
65.278
66.028
67.003
67.303
67.603
67.903
68.578
68.878
69.178
69.478
69.778
70.078
70.378
70.678
70.978
71.278
71.578
71.878
72.178
72.478
73.228
74.428
75.628
76.678
77.578
77.878
78.178
78.478
78.778
79.078
79.378
79.678
79.978
80.278
80.578
80.878
81.178
81.478
81.778
82.828
84.028
84.778
85.978
86.128
86.428
86.728
87.178
87.382
87.478
88.978
91.303
91.978
92.278
93.178
93.478
94.378
94.678
94.978
96.028
96.778
97.078
97.378
97.978
98.278
98.578
99.178
99.478
99.778
100.903
101.278
102.178
102.478
103.078
103.678
103.978
104.578
105.628
106.828
108.028
109.228
111.628
112.828
113.578
115.978
116.428
117.628
118.378
118.828
120.778
121.678
122.428
123.178
123.628
124.078
124.603
125.353
125.503
126.478
127.678
128.878
130.378
131.278
131.578
132.478
133.678
134.878
135.628
136.828
137.278
137.578
139.678
140.878
142.378
143.803
144.403
145.978
147.178
148.378
