1.992
5.625
6.094
6.563
9.375
11.250
12.188
13.125
14.063
15.000
17.227
18.750
19.219
20.391
20.977
22.500
24.727
26.719
30.000
32.109
32.578
33.047
33.516
33.984
34.453
35.156
35.625
36.563
37.500
37.969
39.609
40.313
40.781
41.484
42.656 
44.180
44.414
44.648
45.234
45.938
46.875
47.344
47.813
48.750
49.688
50.156
50.625
52.266
54.141
55.313
56.484
57.188        
58.594
59.531
60.000
60.117
60.352
60.469
60.938
61.172
62.109
63.047
63.984
65.391
65.859
67.734
68.672
69.609
70.078
70.547
71.016
71.484
71.953
72.422
72.891
75.000
75.234
75.469
75.703
77.344
78.281
79.219
81.094
84.141
84.609
85.781
87.656
88.594
89.531
90.000

