01.078
02.278
03.478
04.678
05.878
07.078
08.278
09.253
10.978
12.178
13.378
14.728
15.928
17.128
18.328
19.303
19.528
20.578
21.778
22.978
24.103
24.328
24.778
25.078
25.528
27.178
27.478
27.928
28.678
28.978
30.628
31.678
31.828
34.078
34.678
35.278
35.878
36.628
37.678
38.878
40.078
41.428
42.028
43.678
45.028
46.378
47.578
53.578
54.628
54.778
55.228
55.828
56.428
58.228
61.678
62.878
63.178
64.078
64.678
65.278
67.753
70.828
73.678
74.878
75.178
76.078
76.978
78.028
79.678
80.428
82.078
83.278
84.478
85.078
85.678
86.203
86.503
86.803
87.778
89.128
90.178
91.378
91.678
92.578
93.778
95.128
96.178
96.778
97.528
98.728
99.928
101.128
102.328
102.628
103.828
105.778
106.828
107.578
108.028
108.778
109.228
109.678
111.628
112.078
112.828
113.278
114.028
114.478
115.678
116.428
117.178
117.628
118.828
119.278
120.478
121.228
121.978
122.878
124.228
124.528
124.678
125.353
125.503
126.028
126.778
127.228
127.978
128.428
128.878
129.178
130.828
132.028
132.778
133.228
133.978
135.628
136.078
136.378
137.278
138.028
138.478
138.778
139.078
139.678
140.428
140.878
141.628
141.778
142.078
142.378
144.103
144.553
144.703
146.278
147.478
148.678
