2.695
5.391
5.977
6.445
6.797
8.906
11.250
12.188
13.125
18.984
23.203
27.188
32.344
33.281
34.219
35.156
36.797
37.266
39.141
39.844
41.250
41.719
43.242
43.477
43.711
43.945
45.469
47.578
48.281
51.094
51.563
52.500
52.969
53.203
53.438
53.672
54.609
56.719
57.188
58.594
59.531
61.406
62.578
63.516
64.453
64.922
65.625
66.328
67.734
72.656
75.938
76.172
76.406
76.641
77.344
77.813
78.281
79.219
80.156
81.094
82.031
84.844
85.313
86.484
87.188
88.594
89.531
