01.078
02.278
03.478
04.678
05.878
07.078
08.278
11.128
12.328
13.528
14.503
16.078
17.278
18.478
19.378
20.728
21.928
23.128
24.178
25.678
25.978
26.278
26.728
28.078
28.603
28.903
29.203
31.228
32.878
34.228
34.828
35.428
36.028
36.478
37.678
39.028
40.228
41.278
41.578
43.828
45.178
46.078
49.678
49.978
50.428
50.878
51.028
51.628
53.428
57.478
58.378
59.278
60.028
60.478
60.628
63.028
64.228
64.828
65.578
67.678
67.978
68.428
69.628
70.378
71.278
72.778
73.978
76.378
77.278
78.478
79.228
79.978
80.878
82.378
83.578
85.378
86.278
86.578
86.878
87.928
89.278
90.328
91.528
92.728
93.928
95.278
96.328
96.778
97.678
98.878
100.078
100.978
101.728
102.028
102.928
103.528
104.878
105.928
106.378
107.278
107.578
108.478
108.778
109.678
109.978
111.178
112.078
112.378
113.278
114.028
114.778
115.378
116.878
117.178
118.078
119.278
119.578
120.478
121.228
121.978
122.878
124.378
124.828
124.978
125.278
125.428
126.028
126.778
127.228
127.678
128.428
128.878
130.828
131.578
132.478
133.228
133.678
134.578
135.178
136.078
136.828
137.578
138.478
139.978
140.428
141.178
141.628
142.828
143.878
144.028
144.478
144.628
146.278
147.478
148.678
