2.109
5.039
5.859
6.328
8.672
11.250
12.188
19.453
22.969
23.348
23.906
27.656
31.875
32.344
32.813
33.281
33.750
34.219
34.688
37.031
40.078
42.188
43.125
43.359
43.594
43.828
44.063
45.703
48.516
49.219
49.336
49.453
51.328
51.797
52.031
52.734
53.086
53.320
53.906
54.844
55.313
56.953
58.125
59.063
61.406
62.344
64.688
65.156
66.094
66.797
67.266
67.969
69.844
71.719
72.188
75.938
76.172
76.406
76.641
76.875
77.813
78.516
78.750
79.688
80.156
80.625
81.797
82.266
85.078
86.719
88.125
89.063


