00.778
01.978
03.178
04.378
05.578
06.778
07.978
09.178
09.328
09.778
10.153
10.303
11.278
12.478
13.678
13.978
14.428
14.578
15.178
15.478
16.378
16.678 
17.578
17.878
18.778
19.228
20.053
20.203
20.878
22.078
23.278
23.578
24.028
26.878
28.528
28.828
29.128
30.778
34.378
34.978
35.578
36.178
36.328
39.178
40.378
40.828
42.478
43.978
44.428
45.328
45.778
46.378
46.828
47.278
47.728
48.178
49.828
51.178
52.078
53.278
53.578
53.878
54.178
54.478
54.778
55.078
55.378
55.678
55.978
56.278
56.578
56.878
57.178
57.478
57.778
58.078
59.428
59.578
60.778
61.078
61.378
61.678
61.978
62.278
62.578
62.878
63.178
63.778
64.378
64.978
65.578
66.028
66.478
66.628
66.778
66.928
67.078
67.228
67.378
67.528 
67.828
68.878
69.178
71.578
72.178
72.478
72.778
73.078
73.378
73.678
73.978
74.278
74.578
74.878
75.178
75.478
75.778
76.078
76.378
76.678
76.978
77.278
77.578
78.778
81.178
82.078
82.378
82.678
82.978
83.278
83.578
83.878
84.178
84.478
84.778
85.228
85.828
87.253
87.403
88.078
88.378
88.678
89.578
89.878
90.478
90.778
91.228
92.878
94.078
95.578
96.103
96.478
96.778
100.378
100.828
101.578
101.878
102.778
103.378
103.978
105.178
105.703
106.078
106.378
107.278
108.478
109.978
111.178
112.378
113.578
114.478
114.778
115.078
115.978
116.878
118.078
118.378
119.578
120.778
121.678
122.428
123.178
124.903
125.278
125.428
126.478
127.978
129.178
130.378
131.278
132.028
132.778
133.978
135.178
136.378
138.028
138.778
139.978
141.178
142.078
142.828
143.278
143.428
143.578
143.728
144.178
144.328
145.978
147.178
148.378
