1.875
3.984
5.156
9.141
11.250
15.000
16.875
17.578
18.047
19.922
20.625
21.328
21.797
22.734
24.375
25.078
25.547
26.016
28.125
30.000
31.875
32.813
33.750
34.688
35.625
37.969
39.375
40.781
41.953
42.656
44.297
44.531
44.766
45.000
46.875
47.813
48.750
49.688
50.625
54.375
55.078
55.313
56.250
57.188
58.125
59.063
60.234
60.586
60.938
61.172
61.875
63.281
64.219
67.031
67.969
68.320
69.375
69.844
70.781
71.250
75.000
75.234
75.469
75.703
76.875
78.750
79.688
80.625
81.563
82.500
84.375
85.781
86.250
86.953
87.656
88.125
89.063
90.000